function invDigits(arr) {
  let a = ["0","1","2","3","4","5","6","7","8"];
  return a.filter(
    i =>  !~arr.indexOf(a[i])
  );
}

let intersections = {
  columns: [
    ["00", "10", "20", "30", "40", "50", "60", "70", "80"],
    ["01", "11", "21", "31", "41", "51", "61", "71", "81"],
    ["02", "12", "22", "32", "42", "52", "62", "72", "82"],
    ["03", "13", "23", "33", "43", "53", "63", "73", "83"],
    ["04", "14", "24", "34", "44", "54", "64", "74", "84"],
    ["05", "15", "25", "35", "45", "55", "65", "75", "85"],
    ["06", "16", "26", "36", "46", "56", "66", "76", "86"],
    ["07", "17", "27", "37", "47", "57", "67", "77", "87"],
    ["08", "18", "28", "38", "48", "58", "68", "78", "88"]
  ],
  rows:[
    ["00", "01", "02", "03", "04", "05", "06", "07", "08"],
    ["10", "11", "12", "13", "14", "15", "16", "17", "18"],
    ["20", "21", "22", "23", "24", "25", "26", "27", "28"],
    ["30", "31", "32", "33", "34", "35", "36", "37", "38"],
    ["40", "41", "42", "43", "44", "45", "46", "47", "48"],
    ["50", "51", "52", "53", "54", "55", "56", "57", "58"],
    ["60", "61", "62", "63", "64", "65", "66", "67", "68"],
    ["70", "71", "72", "73", "74", "75", "76", "77", "78"],
    ["80", "81", "82", "83", "84", "85", "86", "87", "88"]
  ],
  squares:[
    ["00", "01", "02", "10", "11", "12", "20", "21", "22"],
    ["03", "04", "05", "13", "14", "15", "23", "24", "25"],
    ["06", "07", "08", "16", "17", "18", "26", "27", "28"],
    ["30", "31", "32", "40", "41", "42", "50", "51", "52"],
    ["33", "34", "35", "43", "44", "45", "53", "54", "55"],
    ["36", "37", "38", "46", "47", "48", "56", "57", "58"],
    ["60", "61", "62", "70", "71", "72", "80", "81", "82"],
    ["63", "64", "65", "73", "74", "75", "83", "84", "85"],
    ["66", "67", "68", "76", "77", "78", "86", "87", "88"]
  ]
}
module.exports.intersections = intersections;